105
203 100
5 3
1 1
128124448 100
999999999 1
1 99
195 99
4 3
200 100
443452894 88
2 5
98 100
999999999 100
196 99
289629644 32
1 10
1 2
4 1
1000000000 94
199 100
4 5
1 3
692322617 52
202 100
9 3
201 100
313424185 10
997184809 100
1000000000 40
999999999 3
1000000000 1
1 73
2 100
396767469 94
96 99
198 100
6 3
99 100
4 9
201 99
4 2
4 6
2 4
138 6
1000000000 99
198101484 78
101 100
417021999 1
197 100
6 2
197550894 70
3 1
800744567 72
2 99
671654092 96
198 99
4 4
3 3
1 100
101 99
3 4
3 100
100 99
4 8
3 6
98 99
1000000000 3
999999999 99
411787879 54
1000000000 100
103 100
5 2
2 2
97 99
670467508 92
236088977 100
100 100
2 3
3 2
200 99
7 2
186260212 39
102 99
102 100
3 99
146755893 1
199 99
345560726 67
8 3
97 100
59243198 88
538816732 85
5 1
114382 1
197 99
7 3
3 5
4 7
99 99
999999999 2
968261572 81
1 31
3 7
1000000000 2
2 1
